’ 357, 443, 443, 475, 437, 534, 754, 775, u, 18, 443, 433, 44, 4
437, quo Ioco ›at‹ secundum Iocum obtinet. Saepe enim 4
propter hunc quoque collocationem vocabula ab 4444414444 initio
removentur. III,37, 130, 146, 439, 483, 659, 707, IV, 40, τ
85, 139, 150, 187, 397, 403, 491, 550, 630, 7, 9, 17, 55, 441,
566, 619, 71, 60, 155, 930, 409, 479, 517, 535, 746, 711, 153
371, 547, 574, VIII, 60, 901, 983, 308. VergiIii exempla habu
Aen. I, 91, 933, 965, 353, 551, 615, ΙΙ, 185, 589, ΙΠ, 169, 941,
355, 334, 475, 555, 1v‚' 34, 543, 553, 534, u, 445, 443, 443,
161, 499, 570, 658, 816, 819, 71, 17, 98, 137, 141, 996, 301,
335, 659, 705, 877, VII, 69, 63, 197, 176, 183, 369, 410, 549,
7111, 39, 58, 116, 935, 980, 300, 596, 690, 704, ΠΙ, 15, 730,

. Χ, 459, 484, 660, 750, xime, 539,743,760,789,817,

XII, 80, 98, 919, 938, 986, 451, 484, 487, 609, 779, 927.
Subiectum 44 praedicatum ita posita sunt 741. IV, 137, 501,
7, 399, 446, 616, 71, 99, 150, 406, 416, 646, Aen. VIII, 644,
X, 341, XII, 641, 751, subiectum 44 4444444444 VaI. ΙΠ, 487,
71, 189, 711, 1, 937, VIII, 987, verbum 44 obiectum I, 449,
IV, 449, 7, 98, 71, 74, VII, 19, Aen. 1,50, Π, 153, ΙΠ, 130,
434, vl, 434, cx, 447, x, 35, uuae uparnn sunem pano '
VaI. I, 567, ΙΙ, 690, ΠΙ, 471, IV, 489, duo adiectiva veI parii-
cipia cohaerentia III, 199, VI, 959, 955, Aen. V, 979, 4144
substanuva eiusdem enuntiati VaI. VI, 148, 151, 7Π, 99, 955,
563, duo verba unius 4444444444 Ι, 183, 959, 450, Π, 161, 169,
169, 170, 175, 446, ΠΙ, 38, 195, 390, 435, 469, 509, 540, 546,
17, 144, 149, 395, 7, 941, 586, 668, 679, 71, 489, 591, 591,
610, 630, 655, 658, 719, 744, 7Π, 197, 954, 311, 384, 436, 507,
VIII, 95, 36, 86, 386, Aen. l, 197, 356, 409, 588, ΙΙ, 68, 378,
539, 590, 688, 700, 704, 744, 758, 760, 804, ΠΙ, 68, 83, 188,
958, 314, 436, 599, 669, 718, 17, 76, 914, 374, V, 934, 938,
445, 596, 611, 619, 748, VI, 111, 159, 910, 913, 331, 439, 506,
793, 759, 711, 119, 139, 911, 347, 618, 789, 71Π, 165, 507,
615, 730, ΠΙ, 113, 348, 369, 449, 463, 509, 553, 555, Χ, 387,
867, XI, 315, 319, 497, 481, 685, 761, 784, 895, 909, XII, 55,
66, 145, 378, 470, 536, 569, 683, 696, 780, 785, 787, 814, 841,

 

