60

11111111, ull, 18: Grais Helice servanda magistriS, ib. 63: externo
liventia mella veneno. ib.· 145: invito vlolorem Noslora tergo.

ib. 944, 957, 960, 969, 973, 989, 301, 347, 351, 499, 437,
441, 447, 454, 459, 517 sq.‚ 518, 536, 616, 653, 664, 683,
684, 687, 737, 816, 890, 851, II, 46, 60, 149, 175, 905, 943,
967, 310, 364, 396 sq.‚ 433, 451 sq.‚ 480 sq.‚ 488, 514, 534,
545 sq.‚ 579, 615, 633, 635 sq.‚ 664. ΙΠ, 19, 50, 939, 963,
974, 987 sq.‚ 309, 399, 334 sq.‚ 347, 353, 376, 933, 398, 431,
479, 510, 591, 593, 543, 691, 795, 797. lV, 90, 67, 83,.147,
913, 945, 950, 257, 970, 313 sq.‚ 315 sq.‚ 338, 375, 516, 518,
579, 597, 699, 696, 677, 689, V, 43, 77 sq.‚ 954, 966, 973,
307, 319, 397, 339, 356, 386, 403, 416, 499, 435, 438, 447, f
499, 505, 513, 519, 533, 574, 581, VI, 54, 85, 103, 117, 118,
195, 131, 139138, 149, 157, 159, 161,169, 183, 906 sq.‚ 935,
945, 970, 340, 457, 458, 460, 465, 477, 490 sq.‚ 495, 540, 549,
569, 574, 575, 606, 668, 689, 703, 794, Vll, 11, 66 sq.·, 71,
84 sq.‚ 919, 976, 397, 347, 499, 549, 607 sq.‚ VIII, 85,116,
969, 999, 998, 393, 357, 380, 449 sq. Vergilii exempla exslanl
Aen. l, 11, 99 sq.‚ 59, 81, 195 sq.‚ 939, 940, 969, 988, 366,
499, 698, ΙΙ, 31, 305, 403 sq.‚ 441, 448, 463 sq.‚ 601, ΠΙ, 66,
974, 981, 998, 591, IV, 91, 190, 909, 963, V, 198, 993, 357sq,
401, 494, 690, 711, 854, VI, 53, 497, 569, 537, VII, 993, 949,
517, 699, 689, 799, 800, 817, VIII, 969, 375, 476, 799, ΙΧ, 59,
456, 485, X, 57, 138, 915 sq.‚ 408, 479, 656, 711909, 914,
390, 377, 454 sq.‚ 700, XII, 1, 35511, 75, 168, 979, 417,
456, 498, 591, 651, 687, 690 50,,795, 816, 837, 846.

Verba aulem secundum modum aabb ordinata raro
apud Valerium invenIeS, ul l, 461, 505, 759 sq.‚ 11, 410, 493 sq.‚
518, 1111411110, 1111115, murto saepius apud Vergilium,
ul Aen. l, 51, 659, ΠΙ, 93, 439, 698, IV, 519, Vl, 107, 408 sq.‚
449, Vll, 111, Vlll, 446, 715,1Χ, 957, X, 374, XI, 155, 939,
356, 495, 714, 868, Xll, 948 sq.‚ 510, 645, 683.

Sexcenlies hunc quoque modum verborum collocandorum
usurpat Valerius: a b o b a, de quo nuno breviter dicam.
Haeo aulem affectata vocabulorum symmetria nobis languida

 

